<!doctype 
<html>
<head>
   <title>Independent Study</title>
</head>
<body>

<center>
  <b><u><font size=+1>Independent Study</font></u></b> 
  <p>INSTRUCTION ON HOW TO DO THIS IS LOADING...... 
  <p><em><strong></strong></em>
</center>
<p><font size=+1><strong><em>1.</em></strong><br>
    H E P I F R I S R S T C Y E O A C Y O C B 3 A P U O L S E H T N E H S E H D M I A R </font> 
<p>
<p><font size=+1><strong><em>2.</em></strong><br>
</font><font size="+1">49 18 15 32 24 15 53 49 32 45 47 25 12 22 15 23 32 49 25 32 14 15 13 25 14 15 32 52 11 48 32 13 47 15 11 49 15 14 32 52 19 49 18 32 11 32 13 11 15 48 11 47 32 48 18 19 16 49 32 12 15 49 52 15 15 24 32 25 24 15 32 11 24 14 32 49 52 15 24 49 54</font>
<p>
<p><font size="+1"><strong><em>3.<br>
</em></strong></font><font size="+1">19 7 4 32 3 0 19 0 32 8 13 32 19 7 4 32 13 4 23 19 32 2 11 20 4 32 8 18 32 0 32 12 0 19 17 8 23 46 32 0 13 3 32 8 19 32 22 0 18 32 2 17 4 0 19 4 3 32 22 8 19 7 32 0 32 19 22 14 32 1 24 32 19 22 14 32 12 0 19 17 8 23 46 32 19 7 4 32 4 13 19 17 8 4 18 32 8 13 32 19 7 4 32 5 8 17 18 19 32 17 14 22 32 14 5 32 19 7 4 32 10 4 24 32 12 0 19 17 8 23 32 0 17 4 32 19 22 14 32 0 13 3 32 19 7 17 4 4 46 32 32 19 7 4 32 4 13 19 17 8 4 18 32 8 13 32 19 7 4 32 18 4 2 14 13 3 32 17 14 22 32 0 17 4 32 5 14 20 17 32 0 13 3 32 14 13 4 46 32 32 8 13 21 4 17 19 32 19 7 4 32 10 4 24 32 12 0 19 17 8 23 32 0 13 3 32 12 20 11 19 8 15 11 24 32 8 19 32 22 8 19 7 32 19 7 4 32 2 11 20 4 32 18 15 11 8 19 32 8 13 19 14 32 0 32 12 0 19 17 8 23 32 22 8 19 7 32 19 22 14 32 17 14 22 18 32 0 13 3 32 12 0 13 24 32 2 14 11 20 12 13 18 46 32 19 7 4 13 32 3 4 2 14 3 4 32 22 8 19 7 32 2 0 4 18 0 17 32 2 8 15 7 4 17 32 13 14 32 18 7 8 5 19 46</font>
<p>
</body>
</html>
